10

6 11
24
4 8
4 3
1 3
3 6
1 10
3 1
4 4
1 7
5 5
4 9
3 1
3 9
2 4
4 1
5 9
2 2
3 4
2 2
0 4
0 7
5 6
2 7
5 9
1 8
4 4

13 4
7
3 2
10 1
2 3
9 0
2 3
0 2
11 0
3 3

6 8
20
2 2
3 2
5 2
2 2
3 5
4 5
3 3
2 4
1 3
3 7
1 7
1 5
4 0
5 6
0 7
4 3
4 1
3 2
1 1
4 3
2 3

3 4
6
0 3
2 1
0 3
2 2
2 3
0 0
5 4

8 11
23
7 3
4 2
1 2
3 1
1 6
1 7
2 7
1 0
5 0
0 4
4 2
3 1
5 8
7 2
7 4
6 5
3 9
4 0
1 6
0 4
2 6
0 9
1 6
7 3

15 7
96
13 5
5 4
14 3
4 4
2 2
4 3
7 5
2 3
1 4
9 4
14 2
1 5
12 3
14 4
0 1
6 5
8 3
3 4
0 5
7 0
1 4
7 1
0 5
1 2
10 6
12 6
8 2
10 2
5 6
7 0
9 5
7 1
14 4
4 1
3 4
13 4
9 3
1 4
9 5
13 6
6 3
14 4
9 2
1 5
10 2
5 0
14 3
13 6
6 6
0 3
14 4
2 1
10 6
10 0
9 2
1 5
13 6
11 4
1 5
11 2
14 1
1 5
4 5
11 3
12 5
14 1
13 5
11 5
7 4
7 1
10 5
9 6
9 3
6 6
9 2
12 3
12 5
9 5
6 3
0 1
5 1
4 1
14 3
9 6
0 5
13 4
2 0
13 5
4 5
0 5
9 6
2 4
9 2
13 0
11 3
5 1
4 4

8 8
44
3 4
5 6
5 1
5 2
3 7
4 3
0 1
0 6
3 1
4 6
6 0
5 5
0 2
4 4
1 5
4 6
2 3
7 6
0 7
5 4
3 6
6 6
1 4
2 1
6 2
0 3
4 1
5 4
5 5
0 0
7 2
3 1
4 2
2 5
1 2
3 6
5 1
3 7
5 4
7 7
5 2
7 4
2 5
7 2
2 2

9 3
21
2 2
5 1
8 1
4 0
3 0
5 0
1 2
5 2
5 1
7 1
5 2
4 0
0 0
5 1
8 1
1 2
7 0
6 1
5 2
5 2
5 2
5 2

9 4
18
5 1
2 2
6 3
3 3
5 2
1 1
1 3
2 0
6 0
7 1
0 0
3 1
2 3
6 3
2 1
3 0
5 2
4 0
7 1

14 3
22
7 1
3 2
3 0
10 0
5 1
0 0
3 2
11 0
7 1
8 1
6 2
5 2
12 2
0 1
1 1
1 0
7 1
5 2
4 1
8 0
3 0
11 0
4 2