10

9 2
5
7 0
1 1
4 0
7 0
4 0
2 2

2 10
16
1 2
0 5
1 1
1 1
0 3
1 8
0 8
0 4
1 9
1 5
0 4
0 8
0 3
1 7
1 0
1 8
4 1

7 13
1
2 3
6 4

3 6
0
5 4

12 16
8
9 1
11 6
0 1
0 10
1 2
7 0
9 11
0 14
2 2

6 7
4
3 6
3 4
2 1
5 0
4 2

15 10
34
6 7
9 6
6 8
1 8
0 8
5 6
13 0
8 7
13 6
7 1
2 8
12 7
10 3
10 7
3 5
13 6
9 0
9 3
10 8
5 7
7 4
6 2
14 5
11 0
3 2
5 5
4 8
1 1
12 4
13 6
6 9
4 0
2 4
9 9
5 2

1 3
3
0 0
0 2
0 1
2 4

13 4
20
5 0
11 0
6 0
3 0
6 3
9 3
7 3
2 2
10 0
11 3
9 0
8 0
2 0
2 1
11 3
6 2
5 3
1 0
5 2
8 1
4 4

10 10
74
9 7
5 1
9 7
9 9
3 4
2 8
5 3
3 4
1 5
3 2
0 0
2 6
1 0
2 2
0 4
7 2
0 9
1 1
7 2
6 4
0 8
3 8
5 9
5 1
8 7
2 4
1 6
6 9
9 7
6 8
9 2
0 4
6 2
5 4
6 8
9 3
9 1
1 5
6 5
6 8
3 4
8 1
3 5
6 1
7 3
7 1
6 0
6 4
7 8
6 2
9 4
2 8
5 4
5 2
5 6
1 5
2 9
7 0
9 8
0 3
8 2
0 0
4 2
6 4
8 7
8 9
0 5
2 1
5 4
1 2
7 8
6 0
1 3
7 8
6 3