7

4 4
4
1 1
1 2
2 1
2 2
1 1

5 5
3
2 1
2 2
2 3
2 1

5 5
4
1 2
2 1
2 3
3 2
1 1

5 6
6
1 2
1 3
2 1
2 4
3 2
3 3
1 1

10 10
20
8 9
8 4
0 1
0 3
4 4
4 4
6 7
1 3
5 7
6 9
1 2
8 7
7 5
1 4
5 8
7 9
3 5
8 8
1 3
9 8
30 5

100 100
250
86 83
15 77
35 93
92 86
21 49
27 62
59 90
26 63
26 40
36 72
68 11
29 67
30 82
23 62
35 67
2 29
58 22
67 69
56 93
42 11
73 29
19 21
37 84
24 98
70 15
26 13
80 91
73 56
70 62
81 96
25 5
27 84
5 36
29 46
57 13
95 24
45 82
67 14
64 34
50 43
8 87
78 76
84 88
51 3
99 54
60 32
68 76
12 39
86 26
39 94
70 95
78 34
1 67
2 97
92 17
56 52
80 1
41 86
89 65
19 44
29 40
17 31
71 97
75 81
27 9
56 67
53 97
65 86
83 6
24 19
71 28
29 32
19 3
68 70
15 8
49 40
23 96
45 18
51 46
55 21
88 79
28 64
50 41
0 93
64 34
14 24
56 87
91 43
65 27
36 59
51 32
28 37
7 75
21 74
95 58
37 29
93 35
28 18
11 43
29 28
4 76
63 43
38 13
40 6
18 4
88 28
17 69
96 17
43 24
83 70
99 90
25 72
90 44
39 5
86 54
82 69
64 42
7 97
4 55
11 48
28 22
43 99
68 46
22 40
10 11
1 5
30 61
5 78
36 20
26 44
65 22
16 8
58 82
37 24
24 62
36 0
99 52
50 79
71 68
31 73
30 81
94 33
63 60
81 99
96 99
73 59
68 13
95 90
66 26
40 84
84 90
42 76
7 36
56 45
18 79
12 87
72 48
9 59
10 36
87 42
1 6
72 13
55 21
99 19
4 21
11 39
67 40
28 5
50 27
58 84
24 20
69 22
81 96
84 30
72 92
50 72
85 25
99 22
42 40
13 98
90 98
90 24
81 9
36 19
55 32
4 94
69 79
76 73
55 50
42 60
84 79
5 93
67 21
13 4
54 61
59 26
2 44
6 2
21 84
68 42
89 28
8 72
98 58
8 36
48 53
33 3
48 33
54 90
46 67
29 68
46 0
97 88
90 49
33 3
97 63
92 53
25 86
96 52
88 75
29 57
60 36
21 14
4 60
27 28
48 50
2 56
97 94
43 99
2 39
3 28
81 0
38 47
51 59
34 35
92 39
27 15
29 4
64 49
29 85
35 43
0 77
71 38
89 49
88 67
95 92
44 43
90 29
40 82
69 41
32 26
1000 100

156 73
744
22 67
43 26
79 67
120 47
85 69
55 71
43 69
118 9
114 21
76 7
8 32
81 34
122 22
55 29
43 9
90 66
126 63
147 38
148 6
154 10
141 57
131 14
109 29
104 6
54 52
154 37
56 0
81 40
110 17
49 29
93 45
63 71
17 10
141 60
65 17
15 3
93 62
135 39
140 9
14 53
36 27
2 0
120 72
143 33
91 4
72 27
48 68
148 69
90 14
131 6
46 38
106 17
9 67
86 31
96 54
116 66
140 70
97 3
101 2
23 54
21 9
121 40
131 2
35 67
19 5
148 16
57 50
77 39
83 42
116 33
135 50
29 0
95 60
96 27
83 40
105 53
143 59
73 39
111 25
83 46
148 2
68 42
74 6
16 8
52 6
82 57
80 35
51 14
109 45
88 12
11 18
40 47
35 54
145 50
67 14
121 21
49 69
8 37
51 71
153 19
28 71
7 28
62 29
28 40
106 52
108 71
81 13
144 59
135 26
107 42
107 27
5 41
6 37
23 66
94 35
62 8
128 41
3 34
28 31
107 56
48 39
123 48
80 68
118 15
118 38
133 46
42 31
125 72
80 4
6 14
41 47
40 40
38 11
105 54
104 61
72 20
143 59
154 47
23 14
155 44
58 30
110 29
15 0
149 40
100 62
141 12
96 29
55 20
98 39
72 66
116 6
42 22
55 66
72 15
30 27
92 27
76 60
33 71
26 53
59 50
81 61
12 31
127 26
55 26
128 20
115 60
143 17
120 2
98 31
22 58
136 60
89 67
61 37
20 20
48 15
86 28
153 43
79 62
38 21
65 30
134 20
26 51
81 52
64 16
55 55
52 52
101 55
92 1
7 23
94 21
64 59
85 26
151 3
85 11
14 72
99 33
46 27
14 25
145 33
24 1
37 10
108 25
90 69
144 70
56 16
25 42
8 36
54 17
18 35
93 48
6 37
53 54
34 61
25 40
17 31
124 4
153 63
64 19
20 24
57 47
36 18
69 28
92 52
103 62
8 57
14 49
105 13
67 54
134 5
63 6
41 47
78 63
35 24
26 65
68 9
3 0
65 39
48 50
97 57
139 16
64 44
119 47
93 65
52 43
23 34
96 18
46 44
32 13
33 1
8 11
42 28
105 6
113 24
9 69
21 63
3 34
18 63
154 2
53 21
56 52
38 6
70 31
42 63
66 13
32 18
49 27
142 20
82 9
24 57
25 38
139 59
58 49
79 65
14 15
135 8
109 20
122 34
29 32
153 63
112 41
70 38
4 7
33 13
28 14
77 62
31 70
138 36
147 66
146 10
65 9
103 45
42 1
70 64
105 71
67 31
154 31
96 36
65 38
145 38
114 15
19 16
55 44
79 44
118 48
79 31
94 40
74 54
151 66
135 27
113 68
35 15
55 38
13 32
32 53
86 40
125 65
136 65
34 4
99 59
28 58
52 5
105 4
30 35
15 16
73 29
84 31
111 5
139 48
4 57
27 2
34 8
124 8
77 0
129 5
27 50
98 60
51 57
78 26
148 13
146 50
94 22
46 55
86 46
74 33
73 43
81 55
126 15
21 36
53 44
95 58
51 15
32 45
113 4
83 61
75 9
71 27
20 15
91 60
18 9
96 3
11 40
98 31
72 17
57 38
141 19
105 35
91 36
10 2
119 46
26 25
11 70
80 15
86 47
9 42
81 63
96 19
155 15
102 54
30 28
124 46
57 11
80 50
83 72
40 72
56 68
142 12
35 46
126 45
110 13
126 60
140 45
27 19
4 41
111 61
6 61
106 28
26 26
111 48
148 9
56 54
90 24
15 53
137 5
147 17
20 25
154 64
55 68
17 41
27 51
122 16
108 31
24 40
130 1
144 50
131 14
71 72
143 10
90 36
100 47
87 2
70 26
153 37
10 60
29 25
43 60
127 63
95 70
2 60
3 13
91 67
118 53
99 66
93 14
101 47
15 68
29 28
17 43
83 11
69 39
94 53
135 5
136 28
117 57
43 43
56 21
127 25
13 71
124 17
5 32
15 42
2 24
6 17
100 31
75 66
46 48
154 64
135 1
28 9
16 3
117 40
79 0
90 67
60 51
71 68
28 59
141 63
31 20
77 46
82 3
17 17
38 69
82 1
21 12
42 24
55 46
9 8
120 24
98 28
58 54
117 38
0 30
16 19
95 20
35 69
118 31
49 44
67 63
74 66
87 39
53 59
148 65
148 26
5 38
9 43
4 46
49 44
101 22
91 37
31 39
89 34
22 15
22 66
143 34
105 65
113 60
88 53
64 30
118 20
98 45
33 0
125 56
6 6
48 3
139 16
68 45
101 8
112 40
80 50
92 28
17 43
60 5
55 35
85 30
95 31
44 13
2 4
111 44
141 43
134 22
111 0
97 21
38 23
52 66
152 46
48 11
94 20
18 24
134 52
39 21
31 24
73 10
126 16
125 7
61 12
135 30
51 64
101 21
2 23
107 57
13 20
68 54
9 69
130 64
118 27
88 26
153 15
110 63
34 58
134 59
28 67
140 67
63 51
40 42
110 70
120 22
47 5
131 26
148 65
99 33
47 70
4 54
65 64
68 28
38 26
95 15
60 14
17 64
64 8
89 34
105 43
69 7
114 44
137 34
50 18
117 24
12 22
14 29
107 35
76 32
28 56
84 66
150 41
112 47
59 1
4 23
127 65
61 61
147 32
92 42
150 57
139 67
46 72
111 5
107 48
15 7
103 52
96 13
102 42
84 38
154 52
42 56
35 3
111 50
17 34
95 71
128 69
46 9
103 40
43 71
117 19
62 15
59 47
63 60
83 56
10 43
108 55
79 48
55 22
41 62
109 12
112 59
87 20
127 46
59 51
117 60
2 2
142 37
54 71
66 65
68 18
91 0
29 14
64 11
77 58
1 4
143 29
12 48
15 26
137 5
55 33
123 43
122 35
146 11
30 16
30 14
32 64
20 3
8 47
18 41
90 72
17 72
32 3
152 45
69 52
149 2
104 26
81 16
98 53
119 21
155 72
128 72
143 18
121 68
104 58
9 66
58 50
144 53
112 23
9 67
18 3
22 56
148 26
65 18
47 10
147 44
50 43
106 56
139 71
89 22
83 56
155 25
153 49
104 54
0 32
134 27
145 14
140 49
132 66
155 15
107 19
97 54
110 70
95 3
148 0
54 53
154 8
117 57
68 68
132 9
80 55
86 31
11 30
106 21
21 2
38 10
96 6
29 36
84 29
17 56
52 48
51 53
152 10
74 9
135 43
5 58
62 38
28 6
62 23
89 18
111 31
139 72
7 61
3 9
37 1
39 14
119 13
13 17
32 72
51 69
10 12
126 36
20 54
18 45
4 22
31 4
