3

50 50
70
28 19
5 38
22 44
12 17
35 7
18 29
0 47
0 41
40 28
7 1
3 22
12 32
19 18
36 21
14 37
43 5
17 4
26 3
37 28
0 15
22 14
4 39
2 23
5 16
3 4
5 2
16 49
10 35
33 14
30 40
22 7
24 38
47 19
42 21
24 43
13 7
7 25
15 1
29 24
47 14
30 19
30 4
32 32
15 2
6 24
30 20
23 49
24 29
16 9
5 6
12 6
20 41
20 41
10 36
36 42
35 32
44 27
30 47
28 10
2 44
33 31
39 46
1 24
32 31
28 9
13 40
46 1
16 18
39 13
48 5
50 10

60 100
70
32 65
53 41
6 15
15 11
11 69
24 23
8 63
9 4
8 49
47 99
36 61
33 17
11 61
48 13
45 71
11 8
47 67
5 47
20 88
15 12
30 78
27 23
22 83
9 59
56 85
21 18
43 16
51 79
10 36
58 72
27 93
52 78
11 15
13 26
40 65
0 69
48 31
34 68
54 40
2 15
17 49
53 17
21 8
19 39
47 86
4 43
57 47
46 25
17 58
18 35
23 38
0 87
50 11
45 1
35 13
8 73
15 24
35 72
43 31
14 40
58 5
55 16
25 32
7 96
9 69
47 54
9 23
36 22
7 34
32 91
20 5

10 20
60
9 7
0 19
8 19
2 8
9 1
6 2
9 19
8 5
1 4
9 10
6 19
1 14
4 3
1 9
5 16
8 17
0 13
6 12
8 1
7 18
7 14
9 0
9 5
4 4
7 16
6 5
8 1
0 17
6 14
4 7
1 7
5 17
9 1
7 0
8 10
2 13
3 13
4 1
2 12
5 5
2 10
5 7
9 17
6 17
1 3
5 8
8 16
9 19
4 12
2 3
0 0
0 17
4 14
9 3
4 6
4 2
8 18
1 19
2 10
3 14
5 1