4

5 5
5
1 1
1 2
2 1
2 3
3 2
4 1

1 1
1
0 0
5 1

60 100
48
1 13
2 1
2 4
3 2
3 4
4 3
4 1
2 12
2 13
3 12
10 10
12 10
1 1
1 2
2 1
2 7
59 68
2 4
3 2
3 4
4 3
4 1
54 42
34 77
19 82
57 38
10 11
11 9
7 11
3 25
3 5
8 29
7 26
2 3
0 15
2 21
5 12
11 10
49 75
48 76
55 91
6 9
10 29
5 6
11 37
3 9
9 17
9 23
50 2

200 200
200
0 7
1 49
2 73
3 58
4 130
5 72
6 144
7 78
8 123
9 109
10 40
11 165
12 92
13 42
14 187
15 103
16 127
17 129
18 40
19 12
20 103
21 169
22 109
23 157
24 160
25 133
26 99
27 78
28 16
29 135
30 97
31 26
32 112
33 67
34 10
35 33
36 179
37 149
38 179
39 21
40 167
41 72
42 193
43 136
44 85
45 145
46 28
47 91
48 194
49 157
50 1
51 153
52 108
53 144
54 68
55 90
56 124
57 196
58 130
59 103
60 122
61 66
62 149
63 24
64 1
65 53
66 177
67 8
68 28
69 133
70 98
71 181
72 35
73 13
74 65
75 14
76 63
77 136
78 25
79 69
80 115
81 94
82 29
83 101
84 117
85 195
86 105
87 4
88 51
89 98
90 188
91 123
92 105
93 82
94 152
95 166
96 116
97 137
98 38
99 144
100 101
101 97
102 71
103 28
104 137
105 158
106 177
107 197
108 94
109 104
110 9
111 31
112 145
113 175
114 35
115 98
116 142
117 199
118 168
119 12
120 60
121 157
122 194
123 8
124 195
125 168
126 113
127 130
128 6
129 162
130 142
131 165
132 82
133 52
134 167
135 21
136 95
137 112
138 71
139 101
140 190
141 31
142 138
143 57
144 16
145 190
146 40
147 79
148 135
149 6
150 172
151 98
152 95
153 119
154 54
155 23
156 89
157 160
158 105
159 126
160 123
161 106
162 13
163 170
164 38
165 94
166 20
167 44
168 166
169 134
170 26
171 194
172 163
173 138
174 44
175 190
176 150
177 159
178 23
179 147
180 185
181 17
182 72
183 139
184 47
185 185
186 96
187 85
188 23
189 20
190 144
191 168
192 135
193 115
194 25
195 134
196 42
197 11
198 79
199 152
200 50
