3

7 7
20
0 0
2 6
6 6
2 1
1 1
6 2
0 6
0 5
2 4
4 3
4 5
1 0
1 3
6 2
0 2
4 3
0 6
1 5
0 1
0 4
10 1

40 70
100
38 45
2 63
35 69
18 68
14 46
23 49
0 46
33 50
20 18
30 66
9 11
17 34
7 55
35 33
28 0
32 25
1 34
11 30
18 40
10 17
11 12
20 59
34 20
6 50
7 60
6 50
2 44
13 12
7 11
27 50
30 62
30 45
6 42
34 49
4 61
38 63
22 34
22 61
25 44
18 11
31 22
37 11
13 49
36 43
37 2
29 17
32 69
12 38
14 68
33 56
22 2
2 4
6 35
11 5
28 41
18 36
27 18
18 29
15 14
20 27
0 26
2 1
39 59
17 59
24 53
16 6
5 66
20 65
35 63
16 40
8 59
31 69
6 1
14 64
27 34
24 36
18 64
27 22
4 38
16 31
35 52
12 10
13 54
8 31
36 4
20 54
5 51
22 5
0 38
21 20
12 24
16 34
39 9
5 18
33 40
11 11
2 58
38 38
11 40
30 10
100 20

200 200
50
134 100
198 41
56 113
130 89
132 52
115 122
70 74
13 188
179 82
38 70
94 91
94 176
125 27
157 9
90 16
41 104
75 157
123 180
80 61
148 144
14 107
101 84
72 170
54 82
172 139
183 68
137 40
92 128
184 38
163 34
20 145
97 77
129 7
100 18
127 199
155 7
104 190
55 76
45 39
18 5
127 91
109 46
177 155
94 104
55 195
145 182
69 67
106 101
56 39
63 69
300 100