13

2 2
3
0 0
0 1
1 0
1 1

10 10
2
0 0
0 1
3 1

4 4
4
1 1
1 2
2 1
2 2
1 1

5 5
3
2 1
2 2
2 3
2 1

5 5
4
1 2
2 1
2 3
3 2
1 1

5 6
6
1 2
1 3
2 1
2 4
3 2
3 3
1 1

6 5
2
1 1
1 0
200 20

1 5
40
0 2
0 4
0 3
0 4
0 2
0 1
0 1
0 4
0 3
0 2
0 3
0 1
0 2
0 1
0 0
0 4
0 1
0 1
0 4
0 0
0 2
0 0
0 1
0 2
0 0
0 3
0 4
0 3
0 1
0 1
0 1
0 4
0 4
0 2
0 3
0 4
0 4
0 2
0 4
0 4
500 25

60 60
38
25 20
25 40
24 20
24 19
24 21
24 40
24 39
24 41
30 30
29 30
29 29
29 31
28 28
28 29
28 30
28 31
28 32
35 21
36 21
37 22
38 23
38 24
39 25
39 26
39 27
40 28
40 29
40 30
40 31
40 32
39 33
39 34
39 35
38 36
38 37
37 38
36 39
35 39
50 1

5 5
6
2 2
1 1
3 3
3 1
1 3
3 2
10 1

2 3
5
0 1
0 2
1 0
1 1
1 2
20 4

1 1
20
0 0
0 0
0 0
0 0
0 0
0 0
0 0
0 0
0 0
0 0
0 0
0 0
0 0
0 0
0 0
0 0
0 0
0 0
0 0
0 0
10 1

16 80
168
7 0
8 0
9 0
10 0
11 0
5 1
6 1
7 1
8 1
9 1
10 1
11 1
12 1
13 1
5 2
6 2
7 2
12 2
13 2
4 3
7 3
14 3
7 4
6 5
3 6
4 6
5 6
5 10
4 11
6 11
5 11
5 12
7 13
8 13
9 13
10 13
7 14
10 14
7 15
10 15
7 16
8 16
9 16
10 16
5 17
4 18
5 18
6 18
5 19
4 22
14 22
5 23
6 23
12 23
13 23
5 24
6 24
7 24
8 24
9 24
10 24
11 24
12 24
13 24
7 25
8 25
9 25
10 25
11 25
7 28
7 29
7 30
6 31
3 32
4 32
5 32
13 34
12 35
12 36
11 36
11 37
10 37
10 38
10 39
10 40
10 41
10 42
10 43
10 44
10 45
10 46
10 47
10 48
10 49
10 50
11 50
11 51
12 51
12 52
13 53
8 55
9 55
8 56
9 56
8 57
9 57
8 58
9 58
8 59
9 59
8 60
9 60
8 61
9 61
8 62
9 62
8 63
9 63
8 64
9 64
8 65
9 65
8 66
9 66
8 67
9 67
8 68
9 68
8 69
9 69
8 70
9 70
8 71
9 71
8 72
9 72
8 73
9 73
8 74
9 74
8 75
9 75
8 76
9 76
3 72
4 72
5 72
6 72
7 72
8 72
3 73
4 73
5 73
6 73
7 73
8 73
3 58
4 58
5 58
6 58
7 58
8 58
3 59
4 59
5 59
6 59
7 59
8 59
20 1
