12

11 6
2
6 4
3 5
8 2

5 11
1
1 8
4 1

3 8
33
2 7
1 5
1 1
0 5
0 5
2 4
2 4
1 2
2 1
0 3
0 4
0 1
2 5
0 6
1 1
0 5
2 6
1 5
0 5
1 4
0 7
1 7
1 5
0 1
1 0
0 6
2 7
0 3
0 0
1 6
0 4
2 7
1 7
8 1

9 1
19
1 0
7 0
5 0
5 0
3 0
0 0
5 0
4 0
0 0
6 0
3 0
0 0
2 0
3 0
2 0
7 0
7 0
6 0
4 0
7 2

7 9
6
4 6
3 5
5 4
6 2
4 7
2 5
5 3

12 6
16
3 3
2 2
1 5
10 5
6 2
0 0
3 3
2 5
10 3
10 5
10 3
9 1
6 5
1 1
10 2
9 0
4 3

8 5
41
5 0
2 1
1 1
0 3
2 1
5 2
0 4
3 0
0 1
6 2
6 4
2 2
3 2
2 3
5 3
7 2
2 1
0 0
3 4
3 0
2 0
6 0
7 2
7 3
0 3
3 4
6 1
4 3
1 0
1 0
1 2
6 3
0 3
5 2
6 3
0 4
7 4
5 0
1 3
5 2
5 2
4 2

10 1
13
2 0
3 0
2 0
8 0
5 0
8 0
2 0
8 0
2 0
0 0
5 0
9 0
6 0
5 2

11 9
10
2 3
10 2
0 3
7 3
7 0
9 7
10 2
1 0
5 5
6 7
1 3

11 2
4
9 1
1 0
10 1
10 0
1 3

3 10
22
2 4
2 2
2 5
0 4
2 3
0 1
2 7
1 5
2 4
1 0
2 0
2 9
1 0
1 1
2 9
2 7
2 2
0 0
1 3
1 7
0 3
0 3
4 1

8 8
49
3 3
5 6
5 1
7 2
6 4
5 4
5 7
6 7
0 4
7 3
0 1
2 2
7 5
4 4
4 0
5 5
7 1
6 0
0 3
1 3
2 3
5 2
4 1
1 1
7 5
0 3
3 6
7 4
5 6
3 5
5 6
5 1
2 4
3 1
3 0
1 1
5 2
1 7
2 1
0 0
5 2
6 6
3 5
7 2
4 5
6 7
0 1
6 0
3 5
7 1