12

6 1
46
3 0
5 0
5 0
1 0
1 0
1 0
3 0
2 0
5 0
2 0
3 0
0 0
0 0
0 0
4 0
1 0
0 0
5 0
2 0
5 0
3 0
1 0
5 0
5 0
5 0
5 0
2 0
2 0
3 0
4 0
4 0
5 0
3 0
0 0
0 0
4 0
4 0
3 0
1 0
3 0
4 0
0 0
3 0
4 0
0 0
2 0
5 3

7 5
6
0 1
0 1
0 3
4 3
5 3
3 1
5 3

2 12
43
0 6
0 4
0 3
0 9
1 5
0 2
0 1
0 11
0 0
0 0
1 10
0 8
0 5
1 2
0 10
0 0
1 9
0 2
1 5
0 6
0 6
0 2
1 0
1 1
0 6
1 3
0 5
0 11
1 11
0 8
0 6
0 1
0 7
0 11
1 6
1 3
1 5
0 6
0 2
0 10
0 9
1 1
0 5
3 1

4 12
44
3 0
1 9
2 5
3 2
0 3
2 10
0 3
1 3
3 9
2 10
3 10
0 4
2 5
0 2
1 2
3 4
0 8
1 8
3 9
2 1
2 9
1 3
0 7
3 2
0 7
2 10
1 2
2 11
1 3
3 2
0 8
1 7
3 10
3 11
1 2
2 11
0 2
0 0
3 10
2 7
2 2
3 11
2 11
0 2
6 1

9 7
26
6 3
7 1
2 4
0 3
7 5
0 5
0 5
7 3
0 3
6 5
0 5
2 1
3 1
2 4
2 2
6 1
2 5
7 4
3 5
0 5
6 5
0 1
1 0
4 5
1 1
6 5
8 2

1 5
21
0 4
0 2
0 2
0 0
0 0
0 2
0 4
0 3
0 4
0 0
0 0
0 3
0 0
0 3
0 4
0 2
0 2
0 0
0 3
0 2
0 4
1 3

2 12
10
0 8
1 0
1 3
1 9
1 7
1 9
1 0
0 5
1 2
0 10
8 1

9 10
2
4 5
2 1
10 2

7 5
23
0 0
6 3
4 1
2 2
1 1
6 1
6 4
0 2
4 2
4 3
4 0
5 0
2 4
4 2
1 0
6 3
6 2
6 2
6 0
6 3
1 0
1 2
3 1
6 3

12 3
11
5 2
8 2
0 1
1 2
8 2
1 1
10 2
8 2
11 1
11 2
3 0
8 3

10 2
48
7 1
4 0
9 0
3 1
2 1
4 1
3 0
8 1
4 0
7 0
3 1
1 0
7 0
1 0
9 0
1 1
5 0
0 0
1 1
5 0
9 0
2 0
3 0
3 1
1 0
9 1
5 1
5 1
5 1
5 0
6 0
1 0
0 0
3 1
2 0
1 0
5 0
9 1
6 0
0 1
2 1
7 0
1 1
5 0
9 1
0 0
9 1
1 1
1 2

5 5
8
2 3
2 2
1 1
1 2
4 3
2 0
0 3
0 4
4 2
