5

105 50
187
51 21
73 10
68 39
21 22
81 47
86 45
0 30
5 28
41 2
48 1
69 41
98 43
16 2
6 31
60 7
0 48
26 45
75 13
13 33
10 2
75 42
38 45
82 11
25 22
4 44
98 18
0 24
8 0
71 45
97 14
40 49
10 46
17 26
5 10
72 17
63 36
88 41
100 10
60 29
20 27
27 49
50 21
62 43
81 5
81 7
66 46
78 44
17 38
97 30
9 18
102 45
99 31
50 7
65 8
88 44
5 46
82 25
38 12
71 26
95 2
70 3
6 41
98 9
103 15
21 5
76 5
12 15
38 37
91 33
33 5
10 13
62 39
24 30
20 8
5 18
67 9
24 27
65 30
62 28
71 13
100 1
23 15
24 30
48 46
7 15
92 38
59 13
25 41
88 29
42 46
21 18
61 39
63 28
28 48
76 44
61 22
89 8
93 48
91 13
39 49
67 31
13 42
31 31
65 1
11 37
6 20
66 40
93 43
15 35
0 26
104 23
43 2
93 22
30 19
20 33
65 8
3 16
10 4
85 48
49 42
73 17
34 34
104 23
91 5
29 22
9 26
49 24
9 22
9 19
17 23
28 3
78 42
29 0
71 49
78 5
55 16
99 20
53 37
4 46
33 26
2 19
13 1
91 17
62 25
65 16
22 0
27 41
81 15
100 35
4 18
74 17
99 36
19 24
84 49
69 19
50 42
98 17
29 47
52 0
0 16
61 16
28 34
80 40
11 32
78 10
64 31
16 22
71 18
92 23
27 26
13 44
60 8
6 20
54 38
83 3
56 40
58 47
102 18
11 46
75 40
9 47
18 17
78 30
57 11
45 19
1 32
65 40
93 19

132 106
63
17 70
68 53
45 10
46 33
70 31
129 43
31 47
50 55
2 65
56 16
128 94
13 71
96 93
17 101
96 85
58 74
32 63
13 94
54 53
58 43
79 97
12 48
72 44
46 99
111 92
128 99
130 28
88 43
57 59
32 60
11 83
58 73
41 24
56 17
55 56
17 53
4 10
86 88
103 99
46 35
11 104
65 59
75 3
22 18
40 40
27 56
12 69
32 25
23 52
120 32
29 91
17 25
50 42
114 97
1 104
33 67
75 99
55 74
66 52
111 57
19 93
87 80
94 35
62 13

135 176
15
133 62
61 161
111 138
46 104
111 5
3 7
30 74
38 123
17 81
102 19
128 50
5 3
32 27
117 35
39 126
10 3

147 150
105
4 60
129 110
96 107
89 84
74 69
118 123
101 74
28 128
124 31
109 45
97 142
132 65
61 77
115 134
19 45
57 112
34 52
45 95
139 38
112 57
91 106
15 72
51 36
123 113
20 64
37 64
81 34
44 28
11 89
123 95
14 126
123 17
51 59
51 82
98 86
56 38
18 149
109 5
47 114
134 143
56 34
2 42
8 126
79 74
35 66
43 2
77 38
50 107
70 79
49 4
97 28
4 63
135 70
54 104
47 41
20 135
54 15
123 90
91 28
33 18
10 38
77 76
66 125
58 81
134 11
146 92
117 133
88 73
26 38
8 11
119 99
104 143
84 91
83 122
90 5
50 48
34 93
58 75
124 6
53 44
48 58
95 132
95 99
70 85
18 124
122 65
50 108
99 134
1 33
131 70
4 132
117 131
6 32
25 125
118 33
6 84
110 112
29 17
132 18
92 110
128 5
10 140
6 113
93 56
137 42
2 1

134 25
45
85 12
63 17
86 6
35 8
111 19
27 23
49 2
61 4
128 10
125 5
28 20
120 19
6 12
89 4
87 5
92 9
49 4
60 10
132 11
54 9
102 18
71 24
43 13
79 5
48 10
53 23
7 21
6 21
50 17
84 11
118 7
60 12
56 7
63 13
127 15
99 3
57 19
85 16
39 23
86 14
118 0
42 0
112 8
99 21
58 20
43 9

