5

165 181
76
101 45
150 132
144 108
130 15
151 131
74 130
133 81
40 160
31 62
11 93
122 121
145 98
63 114
67 97
98 180
4 151
77 102
80 32
108 62
68 118
163 148
132 23
135 43
48 33
64 140
31 85
51 125
158 134
55 30
128 17
59 177
20 179
103 126
111 57
20 177
51 53
162 84
143 117
154 158
72 151
56 108
117 13
34 177
59 154
133 6
140 178
28 171
7 43
15 70
128 42
27 173
100 112
71 68
139 14
54 77
147 78
61 126
9 164
154 78
21 8
37 61
103 142
79 139
158 79
163 90
101 80
96 80
114 175
32 43
27 44
22 120
31 114
125 85
132 7
70 174
137 170
58 12

188 96
46
180 79
71 78
35 49
45 60
94 4
30 49
64 92
125 33
128 24
185 34
89 3
21 85
70 73
99 54
124 75
117 3
25 55
146 24
116 90
29 49
126 13
54 86
65 59
39 21
101 1
162 36
148 14
35 57
129 48
169 23
57 92
83 67
45 74
110 79
59 40
58 31
123 95
49 60
92 92
156 15
91 52
112 20
92 36
35 66
135 82
80 36
37 8

192 7
192
33 4
20 2
132 1
104 4
49 6
120 1
75 5
163 3
23 3
43 2
146 5
69 4
94 3
141 6
42 0
161 2
133 6
130 6
20 5
2 5
168 5
171 1
132 6
136 4
186 2
67 5
4 4
36 0
181 4
123 2
25 5
101 6
55 5
189 2
118 0
161 2
27 4
80 1
99 3
62 1
44 2
115 6
141 4
125 2
158 2
93 0
79 3
160 2
119 0
183 5
18 5
109 1
4 4
117 5
139 6
39 4
149 0
113 2
164 5
118 3
24 6
182 2
40 6
85 2
119 5
29 5
21 5
143 1
122 4
19 2
171 5
90 5
176 0
60 4
147 1
93 0
85 3
61 2
35 0
51 3
93 1
190 4
32 4
107 1
123 6
11 1
138 2
160 3
103 0
78 6
148 6
88 4
186 1
69 4
191 4
40 4
134 4
148 3
102 5
126 5
25 2
25 6
126 4
107 2
106 0
39 4
105 1
113 1
20 2
93 2
165 4
154 1
187 5
139 5
141 0
93 4
132 2
92 3
24 4
81 6
144 4
7 1
40 3
138 0
46 4
116 2
8 2
81 4
184 3
54 5
147 3
110 6
132 5
185 6
78 3
142 1
49 3
130 5
72 2
94 0
97 4
134 0
7 3
4 5
76 6
135 2
191 5
169 4
107 1
78 0
21 4
23 0
154 5
93 3
11 0
187 2
58 1
124 4
189 1
162 1
105 2
146 0
145 0
57 2
33 5
25 0
191 6
34 5
116 6
40 1
74 0
113 2
54 4
26 5
136 2
85 0
53 1
144 6
39 4
7 5
142 1
21 4
71 6
101 1
88 5
19 0
152 2
142 2
171 6
94 6
82 1
152 6
13 3

175 90
1
136 20
91 19

185 109
156
124 10
182 18
46 84
52 25
117 94
30 9
99 14
72 85
13 89
65 34
41 81
181 9
75 56
157 7
21 74
129 21
121 32
112 83
5 18
116 69
124 0
82 105
42 82
118 97
139 19
4 26
21 37
48 86
22 87
160 82
124 55
8 81
63 20
6 66
21 81
137 54
43 67
119 108
12 78
180 65
125 12
127 1
72 17
63 43
147 19
10 90
171 99
58 2
10 57
47 21
129 24
97 26
17 33
11 9
75 12
37 92
57 13
28 50
81 98
0 28
23 52
21 90
163 59
29 76
183 84
171 60
107 10
51 24
117 88
21 11
57 77
4 46
153 73
54 4
168 76
135 90
84 71
38 89
79 94
141 1
35 96
135 14
90 29
89 108
97 105
59 1
31 26
178 52
30 6
136 69
72 99
43 97
62 89
116 61
92 74
34 65
12 100
20 106
41 108
0 10
79 72
129 1
110 48
58 94
78 54
170 45
137 81
50 70
31 20
106 77
168 55
57 80
135 93
172 20
28 15
92 90
177 48
91 80
66 24
174 43
116 84
124 78
16 36
181 14
82 48
31 61
156 46
127 10
107 7
145 21
118 52
140 52
17 90
22 30
124 40
7 61
5 95
107 77
21 41
174 83
38 98
179 57
46 17
51 7
6 35
3 5
77 106
99 88
97 97
175 4
73 16
102 44
135 94
42 94
174 25
128 37
48 10

