5

84 103
60
55 72
32 83
20 38
30 54
73 21
54 54
17 42
42 65
19 37
40 63
6 60
0 43
14 71
25 88
3 85
71 49
71 72
58 91
77 38
29 73
59 65
29 28
2 25
78 63
27 12
77 69
83 68
55 56
71 23
56 15
8 62
78 16
71 38
19 32
65 25
8 101
56 30
31 86
18 67
56 54
58 53
33 81
20 86
31 8
36 13
41 60
55 32
58 31
66 56
40 74
57 17
12 4
77 65
31 55
75 92
78 19
72 71
79 22
6 55
51 83
11 3

77 157
166
36 121
1 104
21 12
24 9
60 138
8 20
6 56
3 89
34 25
0 58
14 24
30 153
11 48
19 2
36 24
29 83
13 7
8 133
56 35
68 156
69 134
22 113
48 28
65 30
34 119
52 59
41 131
75 135
31 18
41 84
27 108
63 45
67 17
8 7
16 94
25 27
56 131
9 151
54 125
65 1
62 51
7 133
2 113
53 118
4 135
53 66
39 71
30 28
35 68
69 105
7 140
14 139
39 56
59 22
7 12
25 133
43 8
59 10
17 131
75 154
61 139
25 97
51 155
35 81
6 119
35 81
37 31
73 81
71 40
57 23
9 8
8 107
11 149
37 38
64 96
33 28
65 82
41 104
60 5
26 38
76 69
46 32
51 122
25 11
54 32
62 146
72 85
27 54
26 72
65 67
34 23
30 44
56 121
70 72
33 86
44 63
17 59
12 22
26 60
19 24
9 19
9 80
10 58
73 147
68 24
29 119
53 58
60 19
11 56
69 45
26 52
42 44
33 155
62 65
15 128
12 126
59 146
62 8
9 127
62 92
34 110
68 120
72 64
21 47
24 100
14 30
9 70
62 132
14 112
45 65
4 130
69 33
51 111
57 124
62 54
67 0
50 86
35 44
3 154
8 103
58 114
74 6
17 18
53 39
20 19
39 93
28 80
0 52
43 99
38 76
8 50
64 58
1 70
38 138
48 75
29 95
53 115
45 154
75 147
64 47
15 80
68 79
46 90
72 89
71 156
2 124
59 12

3 84
190
1 41
2 35
2 19
1 59
1 10
1 5
0 73
0 71
1 26
2 45
2 9
0 64
2 57
2 42
1 0
0 54
1 4
1 81
2 24
0 2
0 27
2 43
0 2
1 52
1 46
2 76
0 65
2 63
0 22
1 56
1 38
0 62
0 54
1 55
0 36
0 8
2 76
0 4
0 66
1 75
1 54
1 50
1 50
2 79
2 37
0 35
2 46
0 76
0 55
2 11
2 59
2 69
2 64
0 66
2 67
2 16
0 21
0 32
1 44
2 29
2 76
2 44
1 78
0 73
2 22
0 37
2 46
2 31
2 47
2 8
0 26
0 34
2 46
2 20
0 5
2 62
1 52
1 43
2 21
0 20
1 14
2 16
1 60
0 33
0 28
2 49
2 23
1 12
2 78
1 19
2 77
2 70
0 53
2 41
0 15
2 41
2 62
2 32
1 59
1 62
1 27
2 70
0 64
0 83
2 42
0 28
0 24
1 42
0 41
2 37
0 3
0 72
2 10
1 76
0 46
0 78
2 77
2 8
0 37
2 79
0 52
0 69
1 6
1 25
2 4
0 5
0 35
1 7
2 9
0 9
0 26
1 67
2 81
0 62
2 26
1 71
1 18
2 52
0 48
2 48
0 59
1 36
2 27
1 83
1 60
2 8
2 53
2 71
2 58
1 39
1 45
1 39
2 59
1 55
1 16
2 2
1 40
0 76
2 49
1 42
0 51
1 79
1 1
0 27
1 60
0 68
0 12
1 26
1 40
2 30
0 72
1 16
1 33
2 21
1 36
2 59
1 4
2 61
2 45
0 16
2 80
1 2
2 70
1 9
2 20
1 45
1 44
1 29
1 44
1 27
64 13

120 177
91
78 101
80 43
42 105
28 90
86 50
58 113
58 132
119 106
27 176
61 91
21 156
71 23
30 41
40 163
31 24
114 38
57 71
16 64
39 152
0 104
27 110
44 24
109 50
110 31
41 140
34 123
112 100
39 88
89 29
106 65
87 26
109 10
36 69
117 55
25 82
23 114
34 171
8 52
103 54
23 71
8 127
85 147
117 74
79 73
87 69
89 51
8 41
36 103
65 16
31 34
100 5
75 95
112 85
100 54
103 39
29 80
31 151
58 25
41 22
44 80
93 51
10 87
106 28
20 59
87 144
81 114
117 137
2 56
90 173
26 35
39 28
116 99
91 48
95 49
36 59
57 176
17 149
59 11
2 92
18 128
33 20
69 132
117 127
45 137
112 5
84 46
79 103
17 120
25 74
112 17
24 93
46 10

9 167
12
0 55
0 141
6 91
5 119
2 145
4 12
4 108
2 84
4 151
4 38
1 91
0 65
99 20

