7

4 4
4
1 1
1 2
2 1
2 2
1 1

5 5
3
2 1
2 2
2 3
2 1

5 5
4
1 2
2 1
2 3
3 2
1 1

5 6
6
1 2
1 3
2 1
2 4
3 2
3 3
1 1

6 6
5
1 2
2 3
3 1
3 2
3 3
4 1

50 50
100
7 49
23 8
30 22
44 28
23 9
40 15
42 42
37 3
27 29
40 12
3 19
9 7
10 33
49 28
16 35
47 26
12 17
10 33
29 49
29 21
17 22
43 36
35 45
28 41
44 7
1 3
8 44
18 40
24 46
30 3
22 16
49 24
1 3
27 8
28 33
48 31
35 13
15 14
13 36
25 19
15 44
29 1
17 45
5 4
1 48
38 23
5 32
2 16
16 37
38 44
1 47
21 28
37 8
27 47
44 4
9 31
45 25
35 48
42 49
18 12
10 7
44 8
45 18
13 30
6 12
42 15
32 2
17 21
45 12
21 1
40 31
38 7
16 40
40 29
35 6
22 48
45 19
4 23
39 10
5 26
23 6
13 20
38 44
20 44
16 34
26 44
13 38
44 40
0 9
23 47
35 17
22 39
47 35
46 35
23 20
44 18
35 15
25 34
42 11
29 2
20 5

10 10
20
7 9
3 8
0 2
4 8
3 9
0 5
2 2
7 3
7 9
0 2
3 9
9 7
0 3
9 8
6 5
7 6
2 7
0 3
9 9
9 1
10 2