15

14 2
18
5 1
3 0
2 1
3 0
5 0
11 1
0 0
8 0
2 1
0 1
9 0
12 0
13 1
5 1
0 0
12 1
9 1
0 1
11 5

4 7
2
0 3
2 2
12 1

9 2
14
8 0
0 0
5 0
4 1
0 0
6 0
8 0
3 1
2 0
0 0
0 0
6 0
5 1
5 1
9 1

9 9
21
6 2
8 1
6 6
8 0
1 1
7 0
3 2
0 1
2 1
8 3
5 2
6 0
7 2
7 2
8 1
6 5
1 5
4 6
0 4
6 2
3 2
6 2

13 2
12
5 0
12 0
5 1
12 0
5 0
3 1
4 0
5 0
5 0
1 0
0 0
8 0
12 2

6 15
7
2 8
1 5
1 10
2 4
0 4
5 11
3 6
4 2

10 2
19
1 1
8 1
7 0
1 0
5 1
7 1
3 0
8 1
1 0
9 0
4 1
3 1
8 0
0 0
8 0
8 1
7 1
6 0
3 0
8 3

15 8
10
4 6
5 3
14 2
9 2
12 0
7 3
0 4
8 3
2 4
14 7
3 1

11 8
12
8 5
1 5
4 6
4 0
9 4
9 2
2 4
0 2
2 4
0 6
3 0
5 4
12 4

11 9
16
10 8
1 1
9 2
4 3
5 2
2 4
0 6
1 0
4 7
9 2
4 6
9 2
5 6
7 4
2 6
2 3
8 1

14 8
2
5 0
2 6
4 1

7 14
17
4 9
6 13
5 2
2 3
4 3
3 6
1 0
4 0
5 10
2 7
5 9
3 8
5 4
3 10
6 9
2 9
4 2
11 4

9 6
3
2 5
3 3
1 0
4 1

5 15
2
3 11
0 10
5 1

15 5
18
10 1
7 4
13 1
14 1
9 4
7 2
11 4
1 2
3 3
4 2
3 3
3 1
3 3
8 3
13 3
8 0
9 2
6 3
10 1
