20

4 4
4
1 1
1 2
2 1
2 2
1 1

5 5
3
2 1
2 2
2 3
2 1

5 5
4
1 2
2 1
2 3
3 2
1 1

5 6
6
1 2
1 3
2 1
2 4
3 2
3 3
1 1

6 6
5
1 2
2 3
3 1
3 2
3 3
4 1

4 4
4
1 1
1 2
2 1
2 2
2 1

5 5
3
2 1
2 2
2 3
3 1

5 5
4
1 2
2 1
2 3
3 2
2 1

5 6
6
1 2
1 3
2 1
2 4
3 2
3 3
2 1

6 6
5
1 2
2 3
3 1
3 2
3 3
5 1

8 8
14
1 1
1 2
2 1
2 2
1 3
1 4
1 5
1 6
1 7
2 3
2 4
2 5
2 6
2 7
1 1

15 15
3
2 1
2 2
2 3
2 1

25 25
4
1 2
2 1
2 3
3 2
1 1

15 16
6
1 2
1 3
2 1
2 4
3 2
3 3
1 1

16 16
5
1 2
2 3
3 1
3 2
3 3
4 1

14 14
14
1 1
1 2
2 1
2 2
3 1
3 2 
3 3
3 4
3 5
3 6
3 7
3 8
3 9
4 1
1 1

5 5
3
2 1
2 2
2 3
8 1

5 5
4
1 2
2 1
2 3
3 2
11 1

15 16
18
1 2
1 3
2 1
2 4
3 2
3 3
4 2
4 3
5 2
5 3
6 2
6 3
7 2
7 3
8 2
8 3
9 2
9 3
1 1

6 6
7
1 2
2 3
3 1
3 2
3 3
4 4
5 5
4 1