5

13 2
1
8 0
8 3

8 11
36
0 1
5 2
4 0
5 0
0 7
6 2
7 10
2 7
5 2
1 0
7 2
7 0
3 10
0 5
3 2
0 3
4 0
0 6
5 3
5 4
0 8
7 5
2 8
0 2
1 7
5 2
7 1
1 7
4 4
7 1
7 4
4 3
4 5
3 1
2 2
0 5
5 1

3 15
39
0 0
2 9
2 11
1 3
2 4
0 6
0 11
2 0
0 9
1 1
1 1
1 4
1 14
0 9
2 10
0 12
2 8
0 14
2 12
2 4
1 3
2 9
0 4
0 13
1 1
0 6
0 10
2 13
1 12
2 12
2 2
1 10
0 0
1 14
0 4
2 5
1 13
2 14
1 9
1 1

18 11
179
7 7
10 10
14 0
16 0
4 7
2 0
9 9
14 1
9 6
2 7
12 3
9 10
7 5
4 6
15 1
12 2
12 5
8 9
0 10
9 0
13 6
16 10
9 2
17 6
8 6
3 3
8 0
2 2
4 3
14 6
14 4
2 0
11 6
15 0
15 2
12 10
13 0
13 10
2 9
4 7
9 4
11 10
0 0
13 10
14 8
5 4
16 0
0 6
16 9
16 0
2 5
3 7
1 5
0 6
8 10
11 4
8 10
16 6
12 0
12 10
1 8
2 5
2 5
4 0
15 4
11 0
9 5
11 2
11 2
11 10
9 8
16 1
2 2
5 3
5 10
6 7
12 3
3 2
6 10
13 7
6 10
17 2
1 1
4 2
17 10
9 0
15 0
4 9
1 8
13 0
4 1
13 1
3 7
11 8
2 3
10 9
10 8
1 3
17 1
3 10
1 4
3 4
1 10
13 4
13 1
8 0
7 10
14 4
16 2
17 1
11 10
4 3
15 8
13 2
11 9
9 6
6 0
8 4
15 8
7 5
11 9
10 9
13 6
6 0
11 8
7 9
10 0
5 2
15 4
2 3
13 5
17 3
1 6
7 4
8 10
7 10
7 3
15 1
3 4
12 2
4 1
16 9
9 8
2 7
0 3
12 2
13 7
14 0
15 6
9 2
12 0
5 9
15 4
2 10
2 9
12 8
11 8
0 10
11 2
6 3
5 4
6 10
9 6
11 7
1 3
10 3
0 7
13 4
15 8
11 8
9 9
4 4
13 9
1 9
5 6
0 3
7 4
8 6
6 0
5 5

20 18
273
17 7
1 8
12 13
15 1
18 4
14 1
11 8
17 4
19 11
10 3
14 7
14 14
17 7
12 1
15 5
5 2
8 17
15 14
10 12
12 10
3 2
0 10
10 13
6 2
10 15
13 2
10 13
4 13
15 8
1 6
10 14
6 8
5 1
3 1
4 1
8 9
13 4
5 7
17 12
5 17
1 11
3 9
10 13
18 5
7 15
7 17
10 2
8 3
15 9
3 13
6 15
10 9
3 2
6 12
8 6
11 3
15 12
0 3
5 14
11 8
14 0
10 2
4 12
19 4
1 8
3 11
9 2
10 2
10 16
4 16
12 5
19 1
13 11
5 2
1 12
11 17
10 17
19 13
3 5
19 12
17 12
15 15
8 5
11 16
17 10
0 6
15 13
1 13
2 10
7 14
6 6
11 13
3 11
4 14
14 3
14 7
17 11
10 10
18 2
0 16
2 1
18 7
4 9
6 3
18 16
3 0
16 6
13 10
9 1
10 13
12 13
19 16
18 7
12 1
3 10
17 17
17 1
3 6
18 7
13 8
7 4
13 10
2 2
16 8
16 4
19 4
3 6
2 2
8 6
11 1
11 0
9 8
7 6
14 9
17 3
14 17
15 7
1 14
17 7
14 11
15 7
6 7
12 14
13 8
7 8
15 0
16 8
10 7
12 5
0 6
4 14
7 12
13 10
10 9
5 10
16 6
9 14
11 11
15 0
5 12
12 11
4 14
9 0
15 12
11 0
4 10
2 1
8 14
19 10
19 8
6 5
8 17
10 8
9 9
0 12
19 15
7 11
5 1
9 13
3 13
9 9
17 7
18 7
11 1
15 6
17 15
18 3
8 10
9 5
17 16
4 0
15 17
11 0
4 0
5 9
1 4
14 16
10 8
7 13
5 0
16 14
15 12
0 8
6 7
13 3
11 7
11 12
5 10
11 3
14 6
17 2
3 11
18 3
0 4
18 7
0 0
8 14
0 2
4 14
9 11
13 9
19 16
11 4
18 14
5 15
3 0
13 10
18 15
3 12
9 9
3 0
8 3
10 2
3 14
11 11
15 12
18 6
9 1
2 15
16 0
4 15
2 7
9 10
1 2
10 0
5 4
4 1
1 12
18 9
12 17
10 14
13 0
6 2
9 11
14 15
9 10
8 9
8 1
16 1
1 4
11 11
16 0
4 12
14 12
15 1
15 1
11 3
13 13
15 0
10 3
12 17
0 10
15 8
7 1
