4

9 9
3
4 3
4 4
4 5
3 1

20 20
200
3 6
17 15
13 15
6 12
9 1
2 7
10 19
3 6
0 6
12 16
11 8
7 9
2 10
2 3
7 15
9 2
2 18
9 7
13 16
11 2
9 13
1 19
4 17
18 4
15 10
13 6
11 0
16 13
2 10
16 1
5 5
4 7
16 5
6 9
13 17
4 15
2 5
14 7
14 4
3 10
7 8
16 18
8 4
3 11
14 19
12 0
16 8
19 12
6 6
14 19
15 10
14 18
7 1
17 2
17 12
12 16
1 0
6 1
5 9
4 19
0 9
11 17
17 11
1 15
9 7
7 16
17 13
6 5
6 3
19 4
8 11
12 9
3 19
10 8
8 15
0 9
16 3
18 5
6 11
1 15
19 8
4 8
1 10
13 0
14 4
4 14
7 16
3 11
7 5
19 16
12 11
17 8
15 7
14 1
18 15
9 17
15 13
18 8
3 11
8 9
16 4
3 3
13 18
6 0
4 18
8 8
9 17
17 16
4 3
10 3
10 19
12 5
4 10
5 19
14 6
9 2
2 4
17 7
15 4
8 11
2 8
19 3
6 8
0 2
11 10
5 1
1 10
18 5
0 16
4 6
2 5
8 16
2 18
4 17
2 4
0 16
12 19
19 10
8 11
13 11
1 10
13 14
0 3
19 1
19 16
19 13
13 8
10 15
6 6
4 0
10 4
16 2
16 7
5 16
19 18
7 12
8 12
19 9
16 10
2 7
6 1
13 12
1 15
19 19
1 4
19 11
0 7
5 8
7 10
4 18
0 4
2 9
16 1
10 4
12 12
12 10
5 5
2 19
0 2
18 13
18 10
4 10
9 1
19 16
12 15
14 4
19 9
13 16
10 15
0 2
19 4
13 5
1 7
4 13
1 14
6 19
4 2
2 6
4 1
2 8
50 10

50 50
50
33 36
27 15
43 35
36 42
49 21
12 27
40 9
13 26
40 26
22 36
11 18
17 29
32 30
12 23
17 35
29 2
22 8
19 17
43 6
11 42
29 23
21 19
34 37
48 24
15 20
13 26
41 30
6 23
12 20
46 31
5 25
34 27
36 5
46 29
13 7
24 45
32 45
14 17
34 14
43 0
37 8
26 28
38 34
3 1
4 49
32 10
26 18
39 12
26 36
44 39
200 20

50 50
50
384 887
778 916
794 336
387 493
650 422
363 28
691 60
764 927
541 427
173 737
212 369
568 430
783 531
863 124
68 136
930 803
23 59
70 168
394 457
12 43
230 374
422 920
785 538
199 325
316 371
414 527
92 981
957 874
863 171
997 282
306 926
85 328
337 506
847 730
314 858
125 896
583 546
815 368
435 365
44 751
88 809
277 179
789 585
404 652
755 400
933 61
677 369
740 13
227 587
95 540
90 15
