4

4 4
4
1 1
1 2
2 1
2 2
1 1

40 400
70
23 86
17 115
33 335
26 92
9 221
2 27
10 59
3 326
20 226
12 136
11 168
7 29
22 330
22 323
27 335
9 202
22 258
29 167
33 56
11 42
29 173
21 119
24 137
38 324
35 370
13 326
11 180
36 273
22 370
36 81
25 125
4 327
16 105
6 129
33 257
4 295
22 145
14 167
34 364
3 150
7 8
36 378
28 384
3 251
34 399
12 260
36 168
19 12
26 186
14 339
35 170
34 378
27 201
17 102
37 92
12 356
21 280
6 241
25 89
4 219
0 329
31 117
17 171
1 275
29 127
7 256
17 353
26 165
26 283
19 224
100 10

100 100
100
83 86
77 115
93 135
86 92
49 21
62 27
90 59
63 126
40 26
72 136
11 168
67 29
82 130
62 123
67 135
29 2
22 58
69 167
93 56
11 42
29 173
21 119
84 137
98 124
15 170
13 126
91 180
56 73
62 170
96 81
5 125
84 127
36 105
46 129
13 57
24 95
82 145
14 167
34 164
43 150
87 8
76 178
88 184
3 51
54 199
32 60
76 168
39 12
26 186
94 139
95 170
34 178
67 1
97 102
17 92
52 156
1 80
86 41
65 89
44 19
40 129
31 117
97 171
81 75
9 127
67 56
97 153
86 165
6 83
19 24
28 71
32 29
3 19
70 168
8 115
40 149
96 123
18 45
46 51
21 155
79 88
64 28
41 150
93 100
34 164
24 114
87 56
43 91
27 165
59 136
32 151
37 28
75 7
74 121
58 195
29 37
35 193
18 28
43 11
28 129
50 10

50 50
50
33 36
27 15
43 35
36 42
49 21
12 27
40 9
13 26
40 26
22 36
11 18
17 29
32 30
12 23
17 35
29 2
22 8
19 17
43 6
11 42
29 23
21 19
34 37
48 24
15 20
13 26
41 30
6 23
12 20
46 31
5 25
34 27
36 5
46 29
13 7
24 45
32 45
14 17
34 14
43 0
37 8
26 28
38 34
3 1
4 49
32 10
26 18
39 12
26 36
44 39
90 15
