3

9 9
3
4 3
4 4
4 5
3 1

25 25
100
8 16
2 25
18 25
11 12
24 1
12 7
15 19
13 16
15 6
22 16
11 8
17 9
7 20
12 13
17 25
4 12
22 18
19 27
18 16
11 22
4 3
21 29
9 7
23 14
15 0
13 16
16 20
6 3
12 20
21 1
5 15
9 27
11 5
21 9
13 17
24 15
7 15
14 27
9 14
18 20
12 18
1 8
13 24
3 11
4 19
7 0
1 18
14 22
1 6
19 29
20 10
9 28
17 21
22 2
17 12
2 26
1 20
11 1
15 29
19 29
15 9
6 7
22 11
6 5
9 7
17 16
22 3
11 5
6 23
19 14
3 21
7 29
3 29
20 18
8 5
15 9
21 23
18 25
21 21
21 5
4 28
14 8
16 20
18 10
9 4
24 4
12 26
18 21
2 25
9 16
7 11
12 28
0 17
24 1
8 25
4 7
10 13
18 8
18 21
3 9
200 50

50 50
200
43 46
57 55
53 55
46 12
9 1
2 7
50 19
23 46
0 6
52 16
11 8
27 9
2 50
2 43
7 55
29 42
42 18
29 27
13 16
31 22
9 33
21 59
44 37
38 44
35 30
53 46
31 20
56 33
2 50
16 1
45 45
44 27
56 5
46 9
13 17
24 15
42 45
14 27
14 44
3 50
7 48
36 38
8 24
3 11
14 19
12 0
56 48
19 52
46 6
54 59
15 10
14 58
47 21
17 2
57 12
52 56
1 20
26 1
45 29
4 59
40 9
51 37
57 11
21 35
9 7
27 16
17 33
6 5
46 23
59 44
28 51
32 29
3 59
30 48
28 35
40 9
36 23
38 25
26 51
1 35
59 28
44 8
1 50
13 40
14 4
24 34
47 56
3 51
47 25
39 16
52 11
17 28
35 47
54 1
38 55
29 37
15 13
38 8
3 51
48 9
56 4
43 43
53 38
26 40
4 58
48 48
9 57
17 36
44 3
30 23
50 59
52 5
4 30
5 59
14 46
9 2
42 44
37 27
15 4
8 11
2 48
59 3
46 8
40 22
11 10
45 1
1 30
58 5
0 56
4 6
42 5
8 16
42 38
44 57
42 44
0 36
32 59
39 10
8 11
33 11
21 10
13 14
40 3
19 41
59 16
39 33
13 48
50 55
26 26
44 0
10 44
36 42
36 7
45 36
19 18
47 32
28 52
39 9
56 50
42 47
6 21
13 12
1 55
59 19
21 44
19 31
20 47
5 48
47 50
24 58
0 4
22 29
56 1
30 44
52 12
32 50
25 45
2 19
40 2
38 53
38 50
24 50
29 21
39 16
12 55
14 4
59 29
33 56
30 55
40 22
59 4
13 25
41 7
44 13
1 14
6 39
4 22
22 26
44 1
42 48
300 50
